[
    {
        "main/loss": 2.1031022453835857, 
        "validation/main/loss": 0.726797579228878, 
        "iteration": 480, 
        "elapsed_time": 55.23088598251343, 
        "epoch": 1, 
        "main/accuracy": 0.5689583393279463, 
        "validation/main/accuracy": 0.565000007301569
    }, 
    {
        "main/loss": 0.7059232320946952, 
        "validation/main/loss": 0.6464699879288673, 
        "iteration": 960, 
        "elapsed_time": 109.98061895370483, 
        "epoch": 2, 
        "main/accuracy": 0.6047916722018272, 
        "validation/main/accuracy": 0.6625000029802323
    }
]